275 1
272 2
116 3
78 4
68 5
62 6
50 7
44 8
47 9
59 10
53 11
56 12
65 13
75 14
69 15
72 16
115 17
105 18
99 19
87 20
81 21
84 22
96 23
90 24
93 25
102 26
112 27
106 28
109 29
271 30
155 31
135 32
125 33
119 34
122 35
132 36
126 37
129 38
154 39
144 40
138 41
141 42
151 43
145 44
148 45
270 46
192 47
182 48
176 49
164 50
158 51
161 52
173 53
167 54
170 55
179 56
189 57
183 58
186 59
220 60
210 61
204 62
201 63
195 64
198 65
207 66
217 67
211 68
214 69
249 70
239 71
233 72
230 73
224 74
227 75
236 76
246 77
240 78
243 79
268 80
258 81
252 82
255 83
265 84
259 85
262 86
283 87
280 88
279 89
278 90
276 91
293 92
290 93
284 94
289 95
285 96
288 97
302 98
299 99
294 100
298 101
297 102
311 103
308 104
307 105
303 106
306 107
304 108
318 109
315 110
314 111
313 112
323 113
320 114
319 115
328 116
325 117
324 118
334 119
331 120
330 121
329 122
339 123
336 124
335 125
343 126
340 127
350 128
347 129
346 130
345 131
355 132
352 133
351 134
360 135
357 136
356 137
368 138
365 139
364 140
363 141
373 142
370 143
369 144
377 145
374 146
381 147
378 148
385 149
382 150
389 151
386 152
393 153
390 154
398 155
395 156
394 157
402 158
399 159
406 160
403 161
411 162
408 163
407 164
415 165
412 166
419 167
416 168
423 169
420 170
427 171
424 172
431 173
428 174
435 175
432 176
439 177
436 178
1 179
2 180
3 181
4 182
5 183
6 184
7 185
8 186
9 187
10 188
11 189
12 190
13 191
14 192
15 193
16 194
17 195
18 196
19 197
20 198
21 199
22 200
23 201
24 202
25 203
26 204
27 205
28 206
29 207
30 208
31 209
32 210
33 211
34 212
35 213
36 214
37 215
38 216
39 217
40 218
41 219
0 220
